# Created by Octave 3.8.1, Sun May 15 15:53:56 2016 ART <sticco@NB-sticco>
# name: Mvx
# type: matrix
# rows: 21
# columns: 21
 0 0 0 0 0 0 0 0 0 0 0 0 0 0 0 0 0 0 0 0 0
 0 0 0 0 0 0 0 0 0 0 0 0 0 0 0 0 0 0 0 0 0
 0 0 0 0 0 0 0 0 0 0 0 0 0 0 0 0 0 0 0 0 0
 0 0 0 0 0 0 0 0 0 0 0 0 0 0 0 1.31622 0.6831504865168537 0.3551662068115944 0.1860420571776526 0.08143605494621592 0
 0 0 0 0 0 0 0 0 0 0 0 0 0 0 0.47930895 0.7050865579049684 0.3605821087630198 0.2037126083764615 0.1499944879769127 0.03663095749075496 0
 0 0 0 0 0 0 0 0 0 0 0 0 0 0.7486842916666667 0.7300615059740256 0.362881068855304 0.2045988251478574 0.1254915526898828 0.0589037617445549 0.01394416005788258 0
 0 0 0 0 0 0 0 0 0 0 0 0 0 0.5357987543589742 0.4767296049023679 0.2375639940075212 0.1583292986770028 0.1074388074033313 0.0513401376256894 0.01506592325491167 0
 0 0 0 0 0 0 0 0 0 0 0 0 0 0.4331307472352944 0.3502176132496989 0.2437369499554629 0.223362835684782 0.198355318165424 0.1477586092197491 0.05737383652038373 0
 0 0 0 0 0 0 0 0 0 0 0 0 0 0.4800737675595239 0.3718647870642861 0.2993972616075507 0.3148808205261329 0.3467320374361519 0.388319588420017 0.5022540795834473 0
 0 0 0 0 0 0 0 0 0 0 0 0 0 0.5281206972972975 0.3702576691453058 0.3369876128195115 0.4042525812870125 0.4954912719713165 0.6409623004873725 1.370018091156365 0
 0 0 0 0 0 0 0 0 0 0 0 0 0 0.5121416831932775 0.3687560665310532 0.331969754145052 0.4028439723379861 0.4874678777907406 0.646533899164371 1.4093909101033 0
 0 0 0 0 0 0 0 0 0 0 0 0 0 0.6074973791999999 0.3564211316438918 0.3008443307582719 0.3311557164862722 0.3482264826852273 0.3761760635448177 0.5317297954244599 0
 0 0 0 0 0 0 0 0 0 0 0 0 0 0.6060091858024691 0.3565719655596164 0.2191989335995165 0.2002856692313804 0.1668595366676106 0.1440924567835798 0.05768708543447281 0
 0 0 0 0 0 0 0 0 0 0 0 0 0 0.6194066774193548 0.361525089496225 0.2131012188413876 0.1438047707560214 0.1124397255132567 0.05396617789797344 0.01702943596721013 0
 0 0 0 0 0 0 0 0 0 0 0 0 0 0 0.5648356731818176 0.3327725170681398 0.1570938129516528 0.0955231265590399 0.06315533452122439 0.01348041687729947 0
 0 0 0 0 0 0 0 0 0 0 0 0 0 0 0.22365025 0.6834317164769644 0.3292952530365073 0.1762229085843872 0.1203481919742715 0.02731972576395057 0
 0 0 0 0 0 0 0 0 0 0 0 0 0 0 0 0 0.675792657142857 0.2956496668114144 0.121301510003459 0.06494113478201484 0
 0 0 0 0 0 0 0 0 0 0 0 0 0 0 0 0 0 0 0 0 0
 0 0 0 0 0 0 0 0 0 0 0 0 0 0 0 0 0 0 0 0 0
 0 0 0 0 0 0 0 0 0 0 0 0 0 0 0 0 0 0 0 0 0
 0 0 0 0 0 0 0 0 0 0 0 0 0 0 0 0 0 0 0 0 0


# name: Mvy
# type: matrix
# rows: 21
# columns: 21
 0 0 0 0 0 0 0 0 0 0 0 0 0 0 0 0 0 0 0 0 0
 0 0 0 0 0 0 0 0 0 0 0 0 0 0 0 0 0 0 0 0 0
 0 0 0 0 0 0 0 0 0 0 0 0 0 0 0 0 0 0 0 0 0
 0 0 0 0 0 0 0 0 0 0 0 0 0 0 0 -0.35505975 -0.1195054274494382 -0.03557040978743965 0.01711839597140267 0.05131682204990391 0
 0 0 0 0 0 0 0 0 0 0 0 0 0 0 0.002905866666666673 -0.2259347199784016 -0.04651488316028646 0.03592895083892531 0.06387241134718218 0.1150730735648339 0
 0 0 0 0 0 0 0 0 0 0 0 0 0 0.2396135679166667 -0.1412681699974025 -0.02105227357963926 0.05679867628164049 0.09755153748527588 0.1134749164275343 0.1331292795758764 0
 0 0 0 0 0 0 0 0 0 0 0 0 0 0.1496125172564103 0.00627826987164395 0.08164976764250681 0.1135042716363057 0.1478403932339971 0.1526849811881437 0.1524642415999777 0
 0 0 0 0 0 0 0 0 0 0 0 0 0 0.2463893447705882 0.07860374636689493 0.1256535590141224 0.1543107913691675 0.1889951677848297 0.2050279169082313 0.1992469556208902 0
 0 0 0 0 0 0 0 0 0 0 0 0 0 0.2132191588690478 0.117075824426873 0.1011594393765804 0.1436853114408308 0.1649772737461535 0.2258819634386545 0.259332491322731 0
 0 0 0 0 0 0 0 0 0 0 0 0 0 0.1562453946846845 0.04858933355083755 0.05238084317308812 0.06321982979176924 0.07625822412802935 0.1198842062672427 0.09926572786562762 0
 0 0 0 0 0 0 0 0 0 0 0 0 0 -0.09626818411764707 -0.03872702844309711 -0.04169695439350086 -0.0489955704277522 -0.05959561921870202 -0.0814518710074672 -0.07465735331118974 0
 0 0 0 0 0 0 0 0 0 0 0 0 0 -0.19533865512 -0.08378171114259184 -0.1143767358663446 -0.1228763961144328 -0.1448887615789095 -0.1926327773278136 -0.2457843847839847 0
 0 0 0 0 0 0 0 0 0 0 0 0 0 -0.07715805827160488 -0.06779791946427335 -0.1118087909814425 -0.1419181540743658 -0.1624608497118203 -0.1840049571174514 -0.181253345567505 0
 0 0 0 0 0 0 0 0 0 0 0 0 0 0.05345651806451613 0.03262607637223292 -0.06820936106217777 -0.1113423291262449 -0.1306005614143365 -0.1376872259790616 -0.1286639935403058 0
 0 0 0 0 0 0 0 0 0 0 0 0 0 0 0.1622415552121212 0.02864810180459777 -0.06359456418214836 -0.07846887816718989 -0.1221881822301159 -0.1127008081445137 0
 0 0 0 0 0 0 0 0 0 0 0 0 0 0 0.8880702499999999 0.1381597258807588 0.04217368658503166 -0.04057749426254865 -0.06088107199770264 -0.08439582841552844 0
 0 0 0 0 0 0 0 0 0 0 0 0 0 0 0 0 0.02204128742857143 0.02329357698263029 -0.001735534615987701 -0.03883745919984325 0
 0 0 0 0 0 0 0 0 0 0 0 0 0 0 0 0 0 0 0 0 0
 0 0 0 0 0 0 0 0 0 0 0 0 0 0 0 0 0 0 0 0 0
 0 0 0 0 0 0 0 0 0 0 0 0 0 0 0 0 0 0 0 0 0
 0 0 0 0 0 0 0 0 0 0 0 0 0 0 0 0 0 0 0 0 0


# name: N
# type: matrix
# rows: 21
# columns: 21
 1 1 1 1 1 1 1 1 1 1 1 1 1 1 1 1 1 1 1 1 1
 1 1 1 1 1 1 1 1 1 1 1 1 1 1 1 1 1 1 1 1 1
 1 1 1 1 1 1 1 1 1 1 1 1 1 1 1 1 1 1 1 1 1
 1 1 1 1 1 1 1 1 1 1 1 1 1 1 1 4 89 828 2752 2603 1
 1 1 1 1 1 1 1 1 1 1 1 1 1 1 12 463 3072 6160 5544 7178 1
 1 1 1 1 1 1 1 1 1 1 1 1 1 24 385 3271 6348 7199 7162 9219 1
 1 1 1 1 1 1 1 1 1 1 1 1 1 78 1393 5585 7514 8233 8797 9455 1
 1 1 1 1 1 1 1 1 1 1 1 1 1 170 2483 6557 7839 8497 9626 10038 1
 1 1 1 1 1 1 1 1 1 1 1 1 1 168 2590 6755 8212 8918 9497 8935 1
 1 1 1 1 1 1 1 1 1 1 1 1 1 111 2567 6499 7946 8887 8871 5711 1
 1 1 1 1 1 1 1 1 1 1 1 1 1 119 2441 6770 7740 8769 8852 5421 1
 1 1 1 1 1 1 1 1 1 1 1 1 1 125 2693 6528 7940 8989 9427 8548 1
 1 1 1 1 1 1 1 1 1 1 1 1 1 162 2298 6612 7841 8867 9202 10414 1
 1 1 1 1 1 1 1 1 1 1 1 1 1 31 1563 5161 7533 7910 8931 9753 1
 1 1 1 1 1 1 1 1 1 1 1 1 1 1 330 3145 6656 7373 6827 9013 1
 1 1 1 1 1 1 1 1 1 1 1 1 1 1 4 369 2846 6168 6094 6971 1
 1 1 1 1 1 1 1 1 1 1 1 1 1 1 1 1 70 806 2602 2551 1
 1 1 1 1 1 1 1 1 1 1 1 1 1 1 1 1 1 1 1 1 1
 1 1 1 1 1 1 1 1 1 1 1 1 1 1 1 1 1 1 1 1 1
 1 1 1 1 1 1 1 1 1 1 1 1 1 1 1 1 1 1 1 1 1
 1 1 1 1 1 1 1 1 1 1 1 1 1 1 1 1 1 1 1 1 1


