# Created by Octave 3.8.1, Tue May 17 11:36:14 2016 ART <sticco@NB-sticco>
# name: Mvx
# type: matrix
# rows: 21
# columns: 21
 0 0 0 0 0 0 0 0 0 0 0 0 0 0 0 0 0 0 0 0 0
 0 0 0 0 0 0 0 0 0 0 0 0 0 0 0 0 0 0 0 0 0
 0 0 0 0 0 0 0 0 0 0 0 0 0 0 0 0 0 0 0 0 0
 0 0 0 0 0 0 0 0 0 0 0 0 0 0 0 0 0 0 0.644890177037037 -0.007870139767441862 0
 0 0 0 0 0 0 0 0 0 0 0 0 0 0 1.1896375 1.370828074074074 0.5084438791123077 0.3487945660868511 0.1726766108148146 0.07187220705639848 0
 0 0 0 0 0 0 0 0 0 0 0 0 0 0.6053158333333334 0.9296104471962616 0.55683328041754 0.3022542688656311 0.1809368465573752 0.1206690337091324 0.02224652731638043 0
 0 0 0 0 0 0 0 0 0 0 0 0 0 0.7387135427480914 0.5153091028822249 0.3195598464557751 0.2244867712527098 0.1456944402976634 0.07687057447927989 0.02516407378036893 0
 0 0 0 0 0 0 0 0 0 0 0 0 0 0.5104930429747364 0.3852838950204079 0.3052246484171007 0.2717033091487291 0.2504693671525871 0.1838037487320405 0.07256051725438077 0
 0 0 0 0 0 0 0 0 0 0 0 0 0.455741405 0.4770138468956739 0.3719132379566856 0.3716490203873262 0.3951221785606953 0.4182520584776638 0.4324426079694266 0.535920849953353 0
 0 0 0 0 0 0 0 0 0 0 0 0 0.7296121428571427 0.4841475324071502 0.3812431108496048 0.4006812924088047 0.4425924859860921 0.5177943207820321 0.6970737903716848 1.444550956474302 0
 0 0 0 0 0 0 0 0 0 0 0 0 0 0.4964984360300139 0.3584772721106539 0.3633384708397471 0.4243994254197429 0.5103051004140945 0.7033777478904143 1.492066422007443 0
 0 0 0 0 0 0 0 0 0 0 0 0 1.001078333333333 0.4838592036441714 0.3519426068501141 0.3349970139468882 0.3645233510231877 0.4138464455827234 0.430228082087366 0.5747370269620479 0
 0 0 0 0 0 0 0 0 0 0 0 0 0 0.4970211222849462 0.3894670216760726 0.3006665416818796 0.2756943170149085 0.239006771476219 0.1894257124376339 0.08045389793069459 0
 0 0 0 0 0 0 0 0 0 0 0 0 0 0.6737970808823529 0.5657420174034231 0.3165184053207294 0.2239352785693718 0.1416557291448842 0.06555774734968639 0.01573222073512789 0
 0 0 0 0 0 0 0 0 0 0 0 0 0 0.4976516666666667 1.070168763157895 0.4288279713746685 0.2964150965042308 0.1823943347410256 0.1232398445019909 0.02233212031455559 0
 0 0 0 0 0 0 0 0 0 0 0 0 0 0 0 1.163034025641026 0.4970460517925929 0.2940548157095452 0.2103981446484639 0.08615842403019722 0
 0 0 0 0 0 0 0 0 0 0 0 0 0 0 0 0 0 0.3260002 0.3728852142857142 0.13996994375 0
 0 0 0 0 0 0 0 0 0 0 0 0 0 0 0 0 0 0 0 0 0
 0 0 0 0 0 0 0 0 0 0 0 0 0 0 0 0 0 0 0 0 0
 0 0 0 0 0 0 0 0 0 0 0 0 0 0 0 0 0 0 0 0 0
 0 0 0 0 0 0 0 0 0 0 0 0 0 0 0 0 0 0 0 0 0


# name: Mvy
# type: matrix
# rows: 21
# columns: 21
 0 0 0 0 0 0 0 0 0 0 0 0 0 0 0 0 0 0 0 0 0
 0 0 0 0 0 0 0 0 0 0 0 0 0 0 0 0 0 0 0 0 0
 0 0 0 0 0 0 0 0 0 0 0 0 0 0 0 0 0 0 0 0 0
 0 0 0 0 0 0 0 0 0 0 0 0 0 0 0 0 0 0 0.01390369259259259 -0.002965205697674407 0
 0 0 0 0 0 0 0 0 0 0 0 0 0 0 -0.06047250000000001 0.07773805740740744 -0.0735054363630769 -0.009010820444056282 0.01029626652466331 0.06232009478738874 0
 0 0 0 0 0 0 0 0 0 0 0 0 0 0.1826915333333333 0.01757246803738318 -0.03855466097513081 0.03154829686757216 0.06102382387930821 0.080743468890071 0.1009231817016803 0
 0 0 0 0 0 0 0 0 0 0 0 0 0 0.1519079279389313 0.008271365273843929 0.06703626224813117 0.1022013561022816 0.1290901904728111 0.1431083592570427 0.1297134384694388 0
 0 0 0 0 0 0 0 0 0 0 0 0 0 0.08526639189473678 0.06039877064364484 0.1062042073894901 0.1469102218129682 0.1700200023316301 0.1908801529220368 0.1902460549372214 0
 0 0 0 0 0 0 0 0 0 0 0 0 0.18126918 0.174200709529262 0.06688604747139032 0.08374239319733788 0.1321865395671261 0.1578311831482529 0.2235862728035685 0.2941057637911286 0
 0 0 0 0 0 0 0 0 0 0 0 0 0.441619 0.101714908168024 0.02250753771489364 0.04037579599287511 0.06389568966107176 0.08494931472507805 0.1228262251430445 0.1629669898226631 0
 0 0 0 0 0 0 0 0 0 0 0 0 0 -0.05324944960313782 -0.01566587780467311 -0.01532758122852757 -0.02890244457745613 -0.04969185770646106 -0.08373535191883477 -0.1609714798328447 0
 0 0 0 0 0 0 0 0 0 0 0 0 -0.9194433333333333 -0.1066766616858896 -0.05169900261493809 -0.06213933981691917 -0.106793225162287 -0.1377672335819522 -0.2119842892718462 -0.2944665432777504 0
 0 0 0 0 0 0 0 0 0 0 0 0 0 -0.1450846674301075 -0.02830406945071478 -0.08366838591502927 -0.1229932955961541 -0.1574194590290033 -0.17862578036915 -0.1884577202258936 0
 0 0 0 0 0 0 0 0 0 0 0 0 0 0.04981465882352941 0.02501117149959248 -0.04550292245140837 -0.08304038991839874 -0.1176019451780269 -0.1171438815356486 -0.128971459666047 0
 0 0 0 0 0 0 0 0 0 0 0 0 0 0.212485 0.05031671250877191 0.05290600409145596 -0.03394298207267299 -0.02102733465911005 -0.06837372806058825 -0.1225075586493506 0
 0 0 0 0 0 0 0 0 0 0 0 0 0 0 0 0.3059029743589744 0.03172770478066667 0.02763161888857023 -0.007856571823743901 -0.06583126390606878 0
 0 0 0 0 0 0 0 0 0 0 0 0 0 0 0 0 0 0.02740856 -0.01899742857142857 0.0181736625 0
 0 0 0 0 0 0 0 0 0 0 0 0 0 0 0 0 0 0 0 0 0
 0 0 0 0 0 0 0 0 0 0 0 0 0 0 0 0 0 0 0 0 0
 0 0 0 0 0 0 0 0 0 0 0 0 0 0 0 0 0 0 0 0 0
 0 0 0 0 0 0 0 0 0 0 0 0 0 0 0 0 0 0 0 0 0


# name: N
# type: matrix
# rows: 21
# columns: 21
 1 1 1 1 1 1 1 1 1 1 1 1 1 1 1 1 1 1 1 1 1
 1 1 1 1 1 1 1 1 1 1 1 1 1 1 1 1 1 1 1 1 1
 1 1 1 1 1 1 1 1 1 1 1 1 1 1 1 1 1 1 1 1 1
 1 1 1 1 1 1 1 1 1 1 1 1 1 1 1 1 1 1 27 86 1
 1 1 1 1 1 1 1 1 1 1 1 1 1 1 4 54 650 2061 3564 3282 1
 1 1 1 1 1 1 1 1 1 1 1 1 1 6 214 1528 4123 5231 4643 6172 1
 1 1 1 1 1 1 1 1 1 1 1 1 1 131 1384 4147 5259 5734 5748 6505 1
 1 1 1 1 1 1 1 1 1 1 1 1 1 475 2793 4982 5822 6282 7138 7442 1
 1 1 1 1 1 1 1 1 1 1 1 1 20 786 3740 5334 6312 6783 6967 6425 1
 1 1 1 1 1 1 1 1 1 1 1 1 7 1007 4230 5724 6298 6735 6484 4280 1
 1 1 1 1 1 1 1 1 1 1 1 1 1 733 4130 5535 6392 6810 6780 4299 1
 1 1 1 1 1 1 1 1 1 1 1 1 6 815 3963 5479 6210 6691 7029 6153 1
 1 1 1 1 1 1 1 1 1 1 1 1 1 372 2658 5160 5668 6644 6898 7415 1
 1 1 1 1 1 1 1 1 1 1 1 1 1 68 1227 3941 5446 5489 6219 6724 1
 1 1 1 1 1 1 1 1 1 1 1 1 1 3 114 1662 4018 5304 4250 5929 1
 1 1 1 1 1 1 1 1 1 1 1 1 1 1 1 39 675 2441 3483 3345 1
 1 1 1 1 1 1 1 1 1 1 1 1 1 1 1 1 1 5 7 16 1
 1 1 1 1 1 1 1 1 1 1 1 1 1 1 1 1 1 1 1 1 1
 1 1 1 1 1 1 1 1 1 1 1 1 1 1 1 1 1 1 1 1 1
 1 1 1 1 1 1 1 1 1 1 1 1 1 1 1 1 1 1 1 1 1
 1 1 1 1 1 1 1 1 1 1 1 1 1 1 1 1 1 1 1 1 1


